 信号
0.115295 0.001173 0.001200 0.001224 0.001245 0.001265 0.001283 0.001300 0.001316 0.001332
0.118505 0.121212 0.001224 0.001245 0.001265 0.001283 0.001300 0.001316 0.001332 0.001346
0.121212 0.123596 0.125752 0.001265 0.001283 0.001300 0.001316 0.001332 0.001346 0.001361
0.123596 0.125752 0.127735 0.129580 0.001300 0.001316 0.001332 0.001346 0.001361 0.001374
0.125752 0.127735 0.129580 0.131313 0.132952 0.001332 0.001346 0.001361 0.001374 0.001387
0.127735 0.129580 0.131313 0.132952 0.134511 0.136001 0.001361 0.001374 0.001387 0.001400
0.129580 0.131313 0.132952 0.134511 0.136001 0.137430 0.138804 0.001387 0.001400 0.001412
0.131313 0.132952 0.134511 0.136001 0.137430 0.138804 0.140131 0.141414 0.001412 0.001424
0.132952 0.134511 0.136001 0.137430 0.138804 0.140131 0.141414 0.142657 0.143865 0.001436
0.134511 0.136001 0.137430 0.138804 0.140131 0.141414 0.142657 0.143865 0.145039 0.146183
0.136001 0.137430 0.138804 0.140131 0.141414 0.142657 0.143865 0.145039 0.146183 0.147298
0.137430 0.138804 0.140131 0.141414 0.142657 0.143865 0.145039 0.146183 0.147298 0.148388
0.138804 0.140131 0.141414 0.142657 0.143865 0.145039 0.146183 0.147298 0.148388 0.149453
0.140131 0.141414 0.142657 0.143865 0.145039 0.146183 0.147298 0.148388 0.149453 0.150494
0.141414 0.142657 0.143865 0.145039 0.146183 0.147298 0.148388 0.149453 0.150494 0.151515
0.142657 0.143865 0.145039 0.146183 0.147298 0.148388 0.149453 0.150494 0.151515 0.152515
0.143865 0.145039 0.146183 0.147298 0.148388 0.149453 0.150494 0.151515 0.152515 0.153496
0.145039 0.146183 0.147298 0.148388 0.149453 0.150494 0.151515 0.152515 0.153496 0.154459
0.146183 0.147298 0.148388 0.149453 0.150494 0.151515 0.152515 0.153496 0.154459 0.155405
0.147298 0.148388 0.149453 0.150494 0.151515 0.152515 0.153496 0.154459 0.155405 0.156335
0.148388 0.149453 0.150494 0.151515 0.152515 0.153496 0.154459 0.155405 0.156335 0.157250
0.149453 0.150494 0.151515 0.152515 0.153496 0.154459 0.155405 0.156335 0.157250 0.158150
0.150494 0.151515 0.152515 0.153496 0.154459 0.155405 0.156335 0.157250 0.158150 0.159036
0.151515 0.152515 0.153496 0.154459 0.155405 0.156335 0.157250 0.158150 0.159036 0.159908
0.152515 0.153496 0.154459 0.155405 0.156335 0.157250 0.158150 0.159036 0.159908 0.160768
0.153496 0.154459 0.155405 0.156335 0.157250 0.158150 0.159036 0.159908 0.160768 0.161616
0.154459 0.155405 0.156335 0.157250 0.158150 0.159036 0.159908 0.160768 0.161616 0.162452
0.155405 0.156335 0.157250 0.158150 0.159036 0.159908 0.160768 0.161616 0.162452 0.163277
0.156335 0.157250 0.158150 0.159036 0.159908 0.160768 0.161616 0.162452 0.163277 0.164091
0.157250 0.158150 0.159036 0.159908 0.160768 0.161616 0.162452 0.163277 0.164091 0.164894
0.158150 0.159036 0.159908 0.160768 0.161616 0.162452 0.163277 0.164091 0.164894 0.165688
0.159036 0.159908 0.160768 0.161616 0.162452 0.163277 0.164091 0.164894 0.165688 0.166472
0.159908 0.160768 0.161616 0.162452 0.163277 0.164091 0.164894 0.165688 0.166472 0.167246
0.160768 0.161616 0.162452 0.163277 0.164091 0.164894 0.165688 0.166472 0.167246 0.168012
0.161616 0.162452 0.163277 0.164091 0.164894 0.165688 0.166472 0.167246 0.168012 0.168769
0.162452 0.163277 0.164091 0.164894 0.165688 0.166472 0.167246 0.168012 0.168769 0.169518
0.163277 0.164091 0.164894 0.165688 0.166472 0.167246 0.168012 0.168769 0.169518 0.170259
0.164091 0.164894 0.165688 0.166472 0.167246 0.168012 0.168769 0.169518 0.170259 0.170992
0.164894 0.165688 0.166472 0.167246 0.168012 0.168769 0.169518 0.170259 0.170992 0.171717
0.165688 0.166472 0.167246 0.168012 0.168769 0.169518 0.170259 0.170992 0.171717 0.172435

 
 复数信号的实部，与原信号相同
0.115296 0.001174 0.001201 0.001225 0.001245 0.001266 0.001284 0.001302 0.001318 0.001332
0.118506 0.121213 0.001224 0.001246 0.001265 0.001284 0.001301 0.001317 0.001332 0.001347
0.121213 0.123597 0.125753 0.001265 0.001282 0.001301 0.001317 0.001332 0.001347 0.001360
0.123597 0.125753 0.127735 0.129581 0.001300 0.001317 0.001332 0.001347 0.001361 0.001375
0.125753 0.127735 0.129580 0.131313 0.132951 0.001332 0.001347 0.001361 0.001375 0.001386
0.127735 0.129581 0.131313 0.132952 0.134511 0.136002 0.001361 0.001375 0.001388 0.001400
0.129580 0.131313 0.132952 0.134511 0.136001 0.137430 0.138805 0.001388 0.001401 0.001412
0.131313 0.132952 0.134511 0.136000 0.137429 0.138805 0.140131 0.141414 0.001413 0.001423
0.132952 0.134511 0.136001 0.137430 0.138805 0.140131 0.141414 0.142657 0.143866 0.001437
0.134511 0.136000 0.137429 0.138804 0.140130 0.141414 0.142657 0.143865 0.145039 0.146182
0.136001 0.137429 0.138805 0.140131 0.141414 0.142658 0.143865 0.145039 0.146182 0.147298
0.137430 0.138805 0.140131 0.141414 0.142657 0.143865 0.145040 0.146183 0.147298 0.148386
0.138805 0.140131 0.141414 0.142658 0.143865 0.145039 0.146183 0.147298 0.148388 0.149452
0.140131 0.141414 0.142658 0.143865 0.145039 0.146183 0.147299 0.148388 0.149453 0.150495
0.141413 0.142657 0.143864 0.145038 0.146182 0.147298 0.148387 0.149452 0.150494 0.151514
0.142658 0.143865 0.145039 0.146182 0.147299 0.148388 0.149452 0.150494 0.151514 0.152515
0.143865 0.145039 0.146183 0.147298 0.148387 0.149452 0.150494 0.151514 0.152514 0.153495
0.145040 0.146184 0.147299 0.148388 0.149452 0.150495 0.151515 0.152516 0.153497 0.154460
0.146183 0.147299 0.148388 0.149453 0.150493 0.151515 0.152514 0.153496 0.154459 0.155404
0.147298 0.148388 0.149453 0.150495 0.151513 0.152515 0.153496 0.154459 0.155405 0.156331
0.148388 0.149453 0.150495 0.151515 0.152514 0.153496 0.154459 0.155405 0.156335 0.157249
0.149453 0.150495 0.151515 0.152515 0.153495 0.154459 0.155405 0.156335 0.157249 0.158149
0.150495 0.151516 0.152515 0.153497 0.154459 0.155406 0.156336 0.157250 0.158151 0.159035
0.151515 0.152515 0.153496 0.154459 0.155404 0.156335 0.157250 0.158150 0.159036 0.159907
0.152515 0.153496 0.154460 0.155405 0.156334 0.157250 0.158150 0.159036 0.159909 0.160767
0.153496 0.154460 0.155406 0.156335 0.157249 0.158150 0.159035 0.159908 0.160768 0.161614
0.154459 0.155406 0.156336 0.157250 0.158149 0.159036 0.159909 0.160769 0.161616 0.162450
0.155406 0.156335 0.157250 0.158150 0.159034 0.159908 0.160768 0.161616 0.162452 0.163276
0.156335 0.157250 0.158150 0.159036 0.159907 0.160768 0.161616 0.162452 0.163277 0.164090
0.157250 0.158150 0.159036 0.159909 0.160767 0.161616 0.162452 0.163277 0.164091 0.164893
0.158150 0.159036 0.159908 0.160768 0.161615 0.162452 0.163277 0.164091 0.164894 0.165687
0.159036 0.159909 0.160769 0.161616 0.162451 0.163277 0.164091 0.164894 0.165689 0.166471
0.159908 0.160768 0.161616 0.162451 0.163275 0.164091 0.164894 0.165688 0.166472 0.167244
0.160769 0.161616 0.162452 0.163277 0.164089 0.164895 0.165687 0.166472 0.167247 0.168012
0.161617 0.162453 0.163277 0.164091 0.164892 0.165688 0.166472 0.167247 0.168013 0.168768
0.162453 0.163277 0.164091 0.164894 0.165686 0.166473 0.167246 0.168013 0.168769 0.169516
0.163277 0.164091 0.164895 0.165689 0.166470 0.167248 0.168013 0.168771 0.169519 0.170256
0.164091 0.164895 0.165688 0.166472 0.167244 0.168013 0.168770 0.169518 0.170259 0.170989
0.164895 0.165689 0.166473 0.167248 0.168010 0.168770 0.169519 0.170259 0.170993 0.171715
0.165688 0.166473 0.167247 0.168013 0.168768 0.169519 0.170260 0.170992 0.171718 0.172430
